[app/ui]
version = 7.2.6
modtime = 1555625948.808308000

[app/launcher]
version = 7.2.6
modtime = 1555625948.811202000
